0 0.062443845462713386 0.9254267744833783 0.12488769092542677 0.14914645103324348
0 0.19137466307277629 0.9290206648697215 0.17430368373764601 0.14195867026055708
0 0.3562443845462714 0.9290206648697215 0.15184186882300088 0.14195867026055708
0 0.5372866127583109 0.9317160826594789 0.14555256064690028 0.13656783468104222
0 0.7133872416891285 0.9308176100628931 0.16711590296495957 0.13836477987421375
0 0.9011680143755615 0.9321653189577718 0.19766397124887689 0.1356693620844564
0 0.0660377358490566 0.7641509433962264 0.1320754716981132 0.11949685534591196
0 0.14600179694519316 0.774932614555256 0.13566936208445643 0.12668463611859834
0 0.2457322551662174 0.7717879604672058 0.12668463611859837 0.12938005390835586
0 0.3418688230008985 0.7785265049415994 0.11410601976639712 0.13926325247079974
0 0.44564240790655885 0.7771787960467205 0.10242587601078164 0.13477088948787055
0 0.5476190476190474 0.7798742138364773 0.08535489667565098 0.13117699910152728
0 0.6572327044025157 0.7803234501347709 0.10691823899371058 0.1320754716981132
0 0.7592093441150044 0.7807726864330639 0.12219227313566947 0.13656783468104222
0 0.8692722371967655 0.7830188679245282 0.14824797843665777 0.14106019766397127
0 0.9505840071877807 0.7807726864330639 0.091644204851752 0.1383647798742139
0 0.5013477088948788 0.6185983827493261 0.9973045822102427 0.187780772686433
