0 0.35124663072776285 0.2416891284815813 0.06671159029649594 0.06469002695417789
0 0.440700808625337 0.16352201257861637 0.1586927223719677 0.17430368373764601
0 0.6658524258760109 0.2637017070979335 0.1511118598382749 0.11949685534591194
0 0.7886623989218329 0.38274932614555257 0.20367250673854442 0.29829290206648695
0 0.9079346361185984 0.4330637915543576 0.17537061994609174 0.20125786163522008
0 0.9422161296284716 0.5893980233602871 0.11556774074305658 0.16172506738544473
0 0.47355121293800545 0.5687331536388139 0.28301886792452835 0.4510332434860736
0 0.6072270889487872 0.7380952380952381 0.23702830188679244 0.40700808625336926
0 0.6676212938005393 0.5543575920934412 0.17991913746630744 0.23899371069182393
0 0.26255053908355797 0.4245283018867924 0.19861859838274928 0.2884097035040431
0 0.1205357142857143 0.6455525606469003 0.17435983827493262 0.16981132075471692
0 0.332294474393531 0.8050314465408804 0.16627358490566038 0.14914645103324348
0 0.05786725067385445 0.5283018867924528 0.1157345013477089 0.09703504043126678
0 0.8321260107816713 0.8953279424977538 0.25320080862533684 0.13746630727762807
